3.88602597E-01 0.393325 0.393132 0.393121 0.393119 0.393119 0.393119 0.393119
1.27103714E+00 1.294218 1.287695 1.287303 1.287236 1.287218 1.287206 1.287205
2.17564722E+00 2.224187 2.201222 2.199249 2.198906 2.198811 2.198749 2.198746
3.22022702E+00 3.321636 3.266983 3.259593 3.258277 3.257912 3.257672 3.257659
3.80276261E+00 3.943853 3.861958 3.855621 3.854521 3.854218 3.854021 3.854011
4.33157121E+00 4.593935 4.176434 4.153169 4.148611 4.147338 4.146502 4.146457
4.34111495E+00 5.410520 4.377544 4.341678 4.334270 4.332193 4.330826 4.330752
4.39099653E+00 7.528693 4.429462 4.382762 4.372722 4.369895 4.368029 4.367928

	       0.218569 0.339593 0.660739 1.726333 4.277862 54.752236 270.144379







